5993319949861
4009148809168
5900964033524
5204138483048
5902517248218
3802712605934
3801601522437
5999804801430
5996078292916
5993875865070
4006084661379
3802588781428
9784535740945
5994828546800
5991449066304
5994826512746
9782658296107
4005688371745
5996778228300
3801721175964
5991472166507
5903775190110
5999293311441
5209469623576
5992765953545
5993855694058
5208629607289
5993057162416
5999803534612
4008914297433
9780744242089
5998605670094
5997441103689
5996889934350
9789689355069
3802045684408
5991891852944
5998873384871
9782914505413
5997198352002
5997942486274
3801945218717
4000068586450
5202451847189
5993342957192
5993278593808
9782443965733
5998462665408
5203733235892
4002253719322
5997297882523
9789724325019
9783392475670
9785104481962
5204152372144
5995844162039
9781343602212
5993269331396
5995219505420
5206890720263
5998250824987
9782968164994
9787797568722
5205839688312
5997093108404
4000930527369
9784313576940
5997885437128
5999680313515
5995505221874
5995588272336
3800526130048
5995956058227
5909023904027
5998150122463
4002762345647
5998345583886
5991625225440
3806200360749
5991619141527
3808578167593
9784930052155
5990606128251
5997974799885
5996089838571
5997011183974
5904277922773
5205834910821
5990794251021
9789710126170
5992916844715
5994649016094
5901068798555
9786479358750
9780031250834
9789838853934
5995629011634
3805384920541
5997289285783
5994801994932
4008682129085
5907054274232
5990180675042
5999760231029
5999198240631
5994702116730
5990173904104
5992858978379
5997012878893
9783835227552
5998273902471
9780172607159
5902670870707
5203024965620
5994442530933
5207131670066
9783336408702
5992696071622
9784745955382
5992323723115
5999189667590
5999299176327
5997010095285
5997541281140
5992179625328
3802786256902
9784675831541
5990679766176
5900347813806
9782929309891
5990454927100
3802338173138
5206578630717
5906406189033
9785244430714
5999921445395
5905293261556
4004546247741
9787753560166
9785179729346
3800636657732
9780855021634
3801951760008
5993763012036
9788457874955
5994890779649
5904086560920
5204374019711
5904557797978
5902683315158
