2025-01-01	0	-3,2	0,0
2025-01-01	1	-3,7	0,0
2025-01-01	2	-3,5	0,0
2025-01-01	3	-3,9	0,0
2025-01-01	4	-3,7	0,0
2025-01-01	5	-3,7	0,0
2025-01-01	6	-2,1	0,0
2025-01-01	7	-1,8	0,6
2025-01-01	8	-0,7	0,0
2025-01-01	9	-0,1	1,6
2025-01-01	10	0,9	0,9
2025-01-01	11	1,7	2,5
2025-01-01	12	3,1	0,3
2025-01-01	13	3,2	0,0
2025-01-01	14	4,4	0,0
2025-01-01	15	4,3	0,0
2025-01-01	16	4,5	0,0
2025-01-01	17	3,3	0,0
2025-01-01	18	3,4	0,0
2025-01-01	19	2,7	0,0
2025-01-01	20	1,1	0,0
2025-01-01	21	0,5	0,0
2025-01-01	22	-1,0	0,0
2025-01-01	23	-1,5	0,0
2025-01-02	0	-0,2	0,0
2025-01-02	1	-1,8	0,0
2025-01-02	2	-2,2	0,0
2025-01-02	3	-2,3	0,0
2025-01-02	4	-1,8	0,0
2025-01-02	5	-1,8	0,0
2025-01-02	6	-1,4	1,4
2025-01-02	7	-0,6	0,0
2025-01-02	8	0,5	2,9
2025-01-02	9	2,4	0,0
2025-01-02	10	3,6	0,0
2025-01-02	11	4,1	0,9
2025-01-02	12	5,4	2,2
2025-01-02	13	5,1	1,7
2025-01-02	14	6,5	0,8
2025-01-02	15	5,9	0,0
2025-01-02	16	6,5	0,0
2025-01-02	17	5,2	0,0
2025-01-02	18	4,7	0,0
2025-01-02	19	4,3	0,0
2025-01-02	20	2,8	0,0
2025-01-02	21	2,0	0,0
2025-01-02	22	0,6	0,0
2025-01-02	23	0,4	0,0
2025-01-03	0	-0,2	0,0
2025-01-03	1	-0,4	0,0
2025-01-03	2	-0,8	0,0
2025-01-03	3	-0,8	0,0
2025-01-03	4	-1,2	0,0
2025-01-03	5	-1,2	0,0
2025-01-03	6	-0,1	0,0
2025-01-03	7	0,7	0,0
2025-01-03	8	1,6	2,7
2025-01-03	9	2,6	1,5
2025-01-03	10	4,3	0,0
2025-01-03	11	4,6	1,2
2025-01-03	12	5,1	1,8
2025-01-03	13	6,0	0,5
2025-01-03	14	7,1	0,0
2025-01-03	15	6,1	0,0
2025-01-03	16	6,4	0,0
2025-01-03	17	6,4	0,0
2025-01-03	18	6,0	0,0
2025-01-03	19	4,8	0,0
2025-01-03	20	3,2	0,0
2025-01-03	21	2,8	0,0
2025-01-03	22	1,1	0,0
2025-01-03	23	0,3	0,0
2025-01-04	0	1,1	0,0
2025-01-04	1	0,2	0,0
2025-01-04	2	0,3	0,0
2025-01-04	3	0,4	0,0
2025-01-04	4	-0,0	0,0
2025-01-04	5	1,0	0,0
2025-01-04	6	0,7	0,0
2025-01-04	7	2,1	0,0
2025-01-04	8	2,5	0,0
2025-01-04	9	4,4	0,0
2025-01-04	10	4,9	0,0
2025-01-04	11	6,6	0,0
2025-01-04	12	7,4	0,0
2025-01-04	13	7,5	0,0
2025-01-04	14	7,4	0,0
2025-01-04	15	7,7	0,0
2025-01-04	16	8,6	0,0
2025-01-04	17	7,6	0,0
2025-01-04	18	7,4	0,0
2025-01-04	19	6,6	0,0
2025-01-04	20	4,9	0,0
2025-01-04	21	4,4	0,0
2025-01-04	22	3,2	0,0
2025-01-04	23	2,2	0,0
2025-01-05	0	2,9	0,0
2025-01-05	1	1,9	0,0
2025-01-05	2	1,3	0,0
2025-01-05	3	1,0	0,0
2025-01-05	4	1,2	0,0
2025-01-05	5	1,6	0,0
2025-01-05	6	2,5	0,0
2025-01-05	7	3,5	0,0
2025-01-05	8	3,7	0,0
2025-01-05	9	5,3	2,4
2025-01-05	10	6,8	0,9
2025-01-05	11	6,7	0,7
2025-01-05	12	8,0	0,0
2025-01-05	13	9,1	0,7
2025-01-05	14	9,1	0,6
2025-01-05	15	8,8	0,0
2025-01-05	16	9,0	0,0
2025-01-05	17	8,6	0,0
2025-01-05	18	7,7	0,0
2025-01-05	19	6,7	0,0
2025-01-05	20	6,3	0,0
2025-01-05	21	4,8	0,0
2025-01-05	22	3,8	0,0
2025-01-05	23	3,7	0,0
2025-01-06	0	5,0	0,0
2025-01-06	1	4,2	0,0
2025-01-06	2	4,2	0,0
2025-01-06	3	3,7	0,0
2025-01-06	4	3,4	0,0
2025-01-06	5	4,0	0,0
2025-01-06	6	4,7	0,0
2025-01-06	7	5,4	2,5
2025-01-06	8	6,6	2,6
2025-01-06	9	7,4	0,5
2025-01-06	10	8,5	2,4
2025-01-06	11	9,4	1,2
2025-01-06	12	10,5	0,0
2025-01-06	13	11,1	2,3
2025-01-06	14	11,5	0,0
2025-01-06	15	11,5	0,0
2025-01-06	16	11,9	0,0
2025-01-06	17	11,0	0,0
2025-01-06	18	10,3	0,0
2025-01-06	19	10,0	0,0
2025-01-06	20	8,6	0,0
2025-01-06	21	7,7	0,0
2025-01-06	22	6,7	0,0
2025-01-06	23	5,9	0,0
2025-01-07	0	3,6	0,0
2025-01-07	1	2,9	0,0
2025-01-07	2	3,0	0,0
2025-01-07	3	3,0	0,0
2025-01-07	4	3,3	0,0
2025-01-07	5	3,1	0,0
2025-01-07	6	4,2	0,0
2025-01-07	7	4,2	0,0
2025-01-07	8	6,2	2,4
2025-01-07	9	6,5	0,0
2025-01-07	10	7,2	0,0
2025-01-07	11	8,9	1,4
2025-01-07	12	9,9	1,2
2025-01-07	13	9,8	0,0
2025-01-07	14	9,9	0,0
2025-01-07	15	10,8	0,0
2025-01-07	16	10,3	0,0
2025-01-07	17	9,8	0,0
2025-01-07	18	9,5	0,0
2025-01-07	19	9,0	0,0
2025-01-07	20	7,4	0,0
2025-01-07	21	6,3	0,0
2025-01-07	22	6,2	0,0
2025-01-07	23	4,1	0,0
2025-01-08	0	2,7	0,0
2025-01-08	1	2,4	0,0
2025-01-08	2	1,4	0,0
2025-01-08	3	1,3	0,0
2025-01-08	4	2,3	0,0
2025-01-08	5	2,4	0,0
2025-01-08	6	2,9	0,0
2025-01-08	7	3,5	0,0
2025-01-08	8	5,1	0,0
2025-01-08	9	5,8	0,0
2025-01-08	10	6,7	0,0
2025-01-08	11	8,1	0,0
2025-01-08	12	8,3	0,0
2025-01-08	13	9,4	0,0
2025-01-08	14	9,3	0,0
2025-01-08	15	10,2	0,0
2025-01-08	16	10,1	0,0
2025-01-08	17	8,7	0,0
2025-01-08	18	8,6	0,0
2025-01-08	19	7,9	0,0
2025-01-08	20	6,2	0,0
2025-01-08	21	5,4	0,0
2025-01-08	22	4,2	0,0
2025-01-08	23	3,3	0,0
2025-01-09	0	2,9	0,0
2025-01-09	1	2,8	0,0
2025-01-09	2	1,6	0,0
2025-01-09	3	2,0	0,0
2025-01-09	4	1,6	0,0
2025-01-09	5	2,2	0,0
2025-01-09	6	2,5	1,3
2025-01-09	7	3,6	2,5
2025-01-09	8	4,5	0,8
2025-01-09	9	5,6	3,0
2025-01-09	10	6,4	1,8
2025-01-09	11	8,0	0,0
2025-01-09	12	8,7	1,9
2025-01-09	13	8,5	0,0
2025-01-09	14	10,0	0,0
2025-01-09	15	9,1	0,0
2025-01-09	16	9,4	0,0
2025-01-09	17	8,9	0,0
2025-01-09	18	8,5	0,0
2025-01-09	19	7,6	0,0
2025-01-09	20	6,7	0,0
2025-01-09	21	6,1	0,0
2025-01-09	22	4,2	0,0
2025-01-09	23	3,4	0,0
2025-01-10	0	-0,0	0,0
2025-01-10	1	-0,8	0,0
2025-01-10	2	-1,4	0,0
2025-01-10	3	-0,8	0,0
2025-01-10	4	-0,9	0,0
2025-01-10	5	-0,0	0,0
2025-01-10	6	-0,4	2,8
2025-01-10	7	1,0	2,9
2025-01-10	8	2,1	0,0
2025-01-10	9	3,0	1,5
2025-01-10	10	3,9	0,0
2025-01-10	11	5,1	0,0
2025-01-10	12	5,4	1,0
2025-01-10	13	6,5	1,7
2025-01-10	14	6,8	0,0
2025-01-10	15	7,4	0,0
2025-01-10	16	6,9	0,0
2025-01-10	17	6,8	0,0
2025-01-10	18	5,4	0,0
2025-01-10	19	4,5	0,0
2025-01-10	20	3,4	0,0
2025-01-10	21	3,4	0,0
2025-01-10	22	1,6	0,0
2025-01-10	23	1,1	0,0
2025-01-11	0	0,8	0,0
2025-01-11	1	0,4	0,0
2025-01-11	2	0,3	0,0
2025-01-11	3	-0,6	0,0
2025-01-11	4	0,4	0,0
2025-01-11	5	0,7	0,0
2025-01-11	6	0,5	0,0
2025-01-11	7	1,5	0,0
2025-01-11	8	2,6	0,0
2025-01-11	9	4,2	0,0
2025-01-11	10	4,5	0,0
2025-01-11	11	5,8	0,0
2025-01-11	12	7,0	0,0
2025-01-11	13	7,2	0,0
2025-01-11	14	8,2	0,0
2025-01-11	15	7,6	0,0
2025-01-11	16	8,0	0,0
2025-01-11	17	7,1	0,0
2025-01-11	18	6,6	0,0
2025-01-11	19	6,2	0,0
2025-01-11	20	4,4	0,0
2025-01-11	21	4,1	0,0
2025-01-11	22	2,4	0,0
2025-01-11	23	1,5	0,0
2025-01-12	0	-2,3	0,0
2025-01-12	1	-2,3	0,0
2025-01-12	2	-3,1	0,0
2025-01-12	3	-3,0	0,0
2025-01-12	4	-2,7	0,0
2025-01-12	5	-2,3	0,0
2025-01-12	6	-2,1	0,0
2025-01-12	7	-1,7	0,0
2025-01-12	8	-0,6	0,0
2025-01-12	9	0,8	0,0
2025-01-12	10	1,9	0,0
2025-01-12	11	3,2	0,0
2025-01-12	12	4,0	0,0
2025-01-12	13	3,8	0,0
2025-01-12	14	4,7	0,0
2025-01-12	15	4,4	0,0
2025-01-12	16	4,9	0,0
2025-01-12	17	4,0	0,0
2025-01-12	18	3,4	0,0
2025-01-12	19	3,1	0,0
2025-01-12	20	2,0	0,0
2025-01-12	21	0,3	0,0
2025-01-12	22	-0,4	0,0
2025-01-12	23	-0,8	0,0
2025-01-13	0	-1,4	0,0
2025-01-13	1	-2,8	0,0
2025-01-13	2	-3,5	0,0
2025-01-13	3	-2,8	0,0
2025-01-13	4	-3,6	0,0
2025-01-13	5	-3,0	0,0
2025-01-13	6	-2,1	0,0
2025-01-13	7	-1,4	0,0
2025-01-13	8	-0,6	0,0
2025-01-13	9	0,8	0,0
2025-01-13	10	1,5	2,9
2025-01-13	11	2,3	0,9
2025-01-13	12	3,7	0,6
2025-01-13	13	4,1	0,0
2025-01-13	14	4,3	0,0
2025-01-13	15	4,7	0,0
2025-01-13	16	4,9	0,0
2025-01-13	17	4,1	0,0
2025-01-13	18	4,2	0,0
2025-01-13	19	3,1	0,0
2025-01-13	20	1,7	0,0
2025-01-13	21	1,3	0,0
2025-01-13	22	0,0	0,0
2025-01-13	23	-0,7	0,0
2025-01-14	0	-2,6	0,0
2025-01-14	1	-4,2	0,0
2025-01-14	2	-4,0	0,0
2025-01-14	3	-4,2	0,0
2025-01-14	4	-3,6	0,0
2025-01-14	5	-3,3	0,0
2025-01-14	6	-2,6	0,0
2025-01-14	7	-2,5	0,0
2025-01-14	8	-1,4	0,0
2025-01-14	9	-0,3	0,0
2025-01-14	10	1,1	0,0
2025-01-14	11	1,9	0,0
2025-01-14	12	2,4	0,0
2025-01-14	13	2,9	0,0
2025-01-14	14	3,9	0,0
2025-01-14	15	4,0	0,0
2025-01-14	16	3,7	0,0
2025-01-14	17	3,0	0,0
2025-01-14	18	2,5	0,0
2025-01-14	19	1,3	0,0
2025-01-14	20	0,5	0,0
2025-01-14	21	0,0	0,0
2025-01-14	22	-0,8	0,0
2025-01-14	23	-1,9	0,0
2025-01-15	0	-5,2	0,0
2025-01-15	1	-5,8	0,0
2025-01-15	2	-5,9	0,0
2025-01-15	3	-7,0	0,0
2025-01-15	4	-5,9	0,0
2025-01-15	5	-5,7	0,0
2025-01-15	6	-5,4	0,0
2025-01-15	7	-4,4	0,0
2025-01-15	8	-3,9	0,0
2025-01-15	9	-2,0	1,7
2025-01-15	10	-1,4	0,0
2025-01-15	11	-0,2	1,9
2025-01-15	12	0,8	0,0
2025-01-15	13	1,3	0,0
2025-01-15	14	1,1	0,2
2025-01-15	15	1,7	0,0
2025-01-15	16	1,7	0,0
2025-01-15	17	1,5	0,0
2025-01-15	18	-0,2	0,0
2025-01-15	19	-0,7	0,0
2025-01-15	20	-0,9	0,0
2025-01-15	21	-2,3	0,0
2025-01-15	22	-3,2	0,0
2025-01-15	23	-4,9	0,0
2025-01-16	0	-5,7	0,0
2025-01-16	1	-6,3	0,0
2025-01-16	2	-6,2	0,0
2025-01-16	3	-6,5	0,0
2025-01-16	4	-7,1	0,0
2025-01-16	5	-6,1	0,0
2025-01-16	6	-5,2	0,0
2025-01-16	7	-5,1	0,0
2025-01-16	8	-3,3	0,0
2025-01-16	9	-3,1	0,0
2025-01-16	10	-1,4	0,0
2025-01-16	11	-1,2	0,0
2025-01-16	12	0,5	0,0
2025-01-16	13	1,1	0,0
2025-01-16	14	1,5	0,0
2025-01-16	15	1,5	0,0
2025-01-16	16	0,7	0,0
2025-01-16	17	0,3	0,0
2025-01-16	18	-0,5	0,0
2025-01-16	19	-0,8	0,0
2025-01-16	20	-1,5	0,0
2025-01-16	21	-2,5	0,0
2025-01-16	22	-4,1	0,0
2025-01-16	23	-4,3	0,0
2025-01-17	0	-4,7	0,0
2025-01-17	1	-5,6	0,0
2025-01-17	2	-5,9	0,0
2025-01-17	3	-5,8	0,0
2025-01-17	4	-6,0	0,0
2025-01-17	5	-5,2	0,0
2025-01-17	6	-4,7	0,0
2025-01-17	7	-3,7	0,0
2025-01-17	8	-3,5	0,0
2025-01-17	9	-2,6	0,0
2025-01-17	10	-0,8	0,0
2025-01-17	11	-0,4	0,0
2025-01-17	12	0,1	0,0
2025-01-17	13	1,8	0,0
2025-01-17	14	1,7	0,0
2025-01-17	15	1,4	0,0
2025-01-17	16	1,6	0,0
2025-01-17	17	1,3	0,0
2025-01-17	18	0,5	0,0
2025-01-17	19	-0,3	0,0
2025-01-17	20	-1,4	0,0
2025-01-17	21	-1,9	0,0
2025-01-17	22	-3,6	0,0
2025-01-17	23	-3,6	0,0
2025-01-18	0	-6,4	0,0
2025-01-18	1	-7,2	0,0
2025-01-18	2	-7,2	0,0
2025-01-18	3	-7,4	0,0
2025-01-18	4	-6,6	0,0
2025-01-18	5	-6,5	0,0
2025-01-18	6	-6,6	0,6
2025-01-18	7	-5,3	0,0
2025-01-18	8	-4,5	0,8
2025-01-18	9	-3,5	0,0
2025-01-18	10	-1,9	2,7
2025-01-18	11	-0,9	0,0
2025-01-18	12	-0,8	0,9
2025-01-18	13	0,7	1,3
2025-01-18	14	0,5	0,0
2025-01-18	15	1,2	0,0
2025-01-18	16	0,3	0,0
2025-01-18	17	0,8	0,0
2025-01-18	18	-0,2	0,0
2025-01-18	19	-0,7	0,0
2025-01-18	20	-2,4	0,0
2025-01-18	21	-3,0	0,0
2025-01-18	22	-4,5	0,0
2025-01-18	23	-5,4	0,0
2025-01-19	0	-5,3	0,0
2025-01-19	1	-6,0	0,0
2025-01-19	2	-7,5	0,0
2025-01-19	3	-6,4	0,0
2025-01-19	4	-6,5	0,0
2025-01-19	5	-6,2	0,0
2025-01-19	6	-6,1	0,0
2025-01-19	7	-4,4	0,0
2025-01-19	8	-4,0	0,0
2025-01-19	9	-2,7	0,0
2025-01-19	10	-2,0	0,0
2025-01-19	11	-0,9	0,0
2025-01-19	12	-0,4	0,0
2025-01-19	13	0,8	0,0
2025-01-19	14	1,3	0,0
2025-01-19	15	1,5	0,0
2025-01-19	16	1,1	0,0
2025-01-19	17	0,4	0,0
2025-01-19	18	-0,5	0,0
2025-01-19	19	-1,4	0,0
2025-01-19	20	-1,6	0,0
2025-01-19	21	-3,3	0,0
2025-01-19	22	-3,9	0,0
2025-01-19	23	-5,0	0,0
2025-01-20	0	-5,5	0,0
2025-01-20	1	-5,8	0,0
2025-01-20	2	-6,3	0,0
2025-01-20	3	-6,5	0,0
2025-01-20	4	-6,1	0,0
2025-01-20	5	-6,5	0,0
2025-01-20	6	-5,8	0,0
2025-01-20	7	-4,6	0,0
2025-01-20	8	-3,8	0,0
2025-01-20	9	-2,8	0,0
2025-01-20	10	-2,1	0,0
2025-01-20	11	-0,7	0,0
2025-01-20	12	-0,0	0,0
2025-01-20	13	0,8	0,0
2025-01-20	14	1,0	0,0
2025-01-20	15	1,1	0,0
2025-01-20	16	1,2	0,0
2025-01-20	17	0,3	0,0
2025-01-20	18	0,1	0,0
2025-01-20	19	-0,7	0,0
2025-01-20	20	-1,6	0,0
2025-01-20	21	-2,7	0,0
2025-01-20	22	-3,9	0,0
2025-01-20	23	-4,5	0,0
2025-01-21	0	-3,3	0,0
2025-01-21	1	-4,3	0,0
2025-01-21	2	-5,5	0,0
2025-01-21	3	-5,4	0,0
2025-01-21	4	-4,7	0,0
2025-01-21	5	-4,7	0,0
2025-01-21	6	-4,1	0,6
2025-01-21	7	-3,0	0,0
2025-01-21	8	-2,3	0,0
2025-01-21	9	-1,0	0,0
2025-01-21	10	0,3	2,8
2025-01-21	11	0,6	1,4
2025-01-21	12	1,2	0,0
2025-01-21	13	2,7	0,1
2025-01-21	14	2,8	0,0
2025-01-21	15	3,4	0,0
2025-01-21	16	2,8	0,0
2025-01-21	17	2,6	0,0
2025-01-21	18	1,9	0,0
2025-01-21	19	0,8	0,0
2025-01-21	20	-0,2	0,0
2025-01-21	21	-0,6	0,0
2025-01-21	22	-2,3	0,0
2025-01-21	23	-3,3	0,0
2025-01-22	0	-2,0	0,0
2025-01-22	1	-1,9	0,0
2025-01-22	2	-2,1	0,0
2025-01-22	3	-3,0	0,0
2025-01-22	4	-3,2	0,0
2025-01-22	5	-2,7	0,0
2025-01-22	6	-2,1	1,0
2025-01-22	7	-0,4	0,0
2025-01-22	8	0,5	0,0
2025-01-22	9	0,8	2,1
2025-01-22	10	2,5	2,1
2025-01-22	11	2,9	0,5
2025-01-22	12	4,2	0,0
2025-01-22	13	4,3	0,0
2025-01-22	14	5,0	2,6
2025-01-22	15	4,6	0,0
2025-01-22	16	5,3	0,0
2025-01-22	17	4,3	0,0
2025-01-22	18	3,6	0,0
2025-01-22	19	2,9	0,0
2025-01-22	20	2,2	0,0
2025-01-22	21	0,7	0,0
2025-01-22	22	0,6	0,0
2025-01-22	23	-0,5	0,0
2025-01-23	0	-1,5	0,0
2025-01-23	1	-2,3	0,0
2025-01-23	2	-1,7	0,0
2025-01-23	3	-1,8	0,0
2025-01-23	4	-1,9	0,0
2025-01-23	5	-1,9	0,0
2025-01-23	6	-1,3	0,0
2025-01-23	7	-0,7	0,0
2025-01-23	8	0,7	0,0
2025-01-23	9	2,0	0,0
2025-01-23	10	3,2	0,0
2025-01-23	11	4,0	0,0
2025-01-23	12	4,3	0,0
2025-01-23	13	5,7	0,0
2025-01-23	14	5,9	0,0
2025-01-23	15	6,1	0,0
2025-01-23	16	5,4	0,0
2025-01-23	17	4,9	0,0
2025-01-23	18	4,5	0,0
2025-01-23	19	3,2	0,0
2025-01-23	20	3,2	0,0
2025-01-23	21	1,2	0,0
2025-01-23	22	0,7	0,0
2025-01-23	23	0,1	0,0
2025-01-24	0	-0,8	0,0
2025-01-24	1	-2,3	0,0
2025-01-24	2	-2,8	0,0
2025-01-24	3	-2,0	0,0
2025-01-24	4	-2,8	0,0
2025-01-24	5	-1,8	0,0
2025-01-24	6	-1,2	0,4
2025-01-24	7	-1,0	1,1
2025-01-24	8	0,7	0,1
2025-01-24	9	1,8	0,0
2025-01-24	10	3,1	1,9
2025-01-24	11	3,9	0,0
2025-01-24	12	3,9	1,0
2025-01-24	13	4,7	1,8
2025-01-24	14	5,4	2,0
2025-01-24	15	5,5	0,0
2025-01-24	16	5,0	0,0
2025-01-24	17	4,9	0,0
2025-01-24	18	3,9	0,0
2025-01-24	19	3,8	0,0
2025-01-24	20	2,8	0,0
2025-01-24	21	1,0	0,0
2025-01-24	22	-0,0	0,0
2025-01-24	23	-0,1	0,0
2025-01-25	0	-0,1	0,0
2025-01-25	1	-0,5	0,0
2025-01-25	2	-0,5	0,0
2025-01-25	3	-0,4	0,0
2025-01-25	4	-1,2	0,0
2025-01-25	5	0,2	0,0
2025-01-25	6	0,4	0,0
2025-01-25	7	1,2	0,9
2025-01-25	8	2,6	2,1
2025-01-25	9	3,5	0,0
2025-01-25	10	4,5	0,0
2025-01-25	11	5,6	0,0
2025-01-25	12	5,7	0,0
2025-01-25	13	6,7	0,0
2025-01-25	14	7,0	0,0
2025-01-25	15	7,5	0,0
2025-01-25	16	6,7	0,0
2025-01-25	17	6,9	0,0
2025-01-25	18	5,7	0,0
2025-01-25	19	5,2	0,0
2025-01-25	20	3,7	0,0
2025-01-25	21	3,7	0,0
2025-01-25	22	2,1	0,0
2025-01-25	23	0,7	0,0
2025-01-26	0	2,6	0,0
2025-01-26	1	2,3	0,0
2025-01-26	2	2,3	0,0
2025-01-26	3	2,0	0,0
2025-01-26	4	1,8	0,0
2025-01-26	5	2,0	0,0
2025-01-26	6	2,8	0,0
2025-01-26	7	4,6	0,2
2025-01-26	8	4,4	0,0
2025-01-26	9	6,3	0,0
2025-01-26	10	7,0	0,0
2025-01-26	11	7,9	1,9
2025-01-26	12	8,2	0,0
2025-01-26	13	9,7	2,8
2025-01-26	14	9,3	1,4
2025-01-26	15	9,9	0,0
2025-01-26	16	10,0	0,0
2025-01-26	17	9,3	0,0
2025-01-26	18	8,3	0,0
2025-01-26	19	7,9	0,0
2025-01-26	20	7,2	0,0
2025-01-26	21	6,6	0,0
2025-01-26	22	4,4	0,0
2025-01-26	23	3,6	0,0
2025-01-27	0	2,4	0,0
2025-01-27	1	1,3	0,0
2025-01-27	2	1,7	0,0
2025-01-27	3	1,0	0,0
2025-01-27	4	1,4	0,0
2025-01-27	5	1,7	0,0
2025-01-27	6	1,8	0,0
2025-01-27	7	3,1	0,0
2025-01-27	8	4,3	0,0
2025-01-27	9	5,1	0,0
2025-01-27	10	5,6	0,0
2025-01-27	11	6,5	0,0
2025-01-27	12	8,3	0,0
2025-01-27	13	8,0	0,0
2025-01-27	14	9,4	0,0
2025-01-27	15	9,1	0,0
2025-01-27	16	8,9	0,0
2025-01-27	17	9,1	0,0
2025-01-27	18	7,3	0,0
2025-01-27	19	7,0	0,0
2025-01-27	20	6,2	0,0
2025-01-27	21	4,5	0,0
2025-01-27	22	4,3	0,0
2025-01-27	23	3,2	0,0
2025-01-28	0	3,3	0,0
2025-01-28	1	2,0	0,0
2025-01-28	2	1,9	0,0
2025-01-28	3	2,1	0,0
2025-01-28	4	2,0	0,0
2025-01-28	5	2,8	0,0
2025-01-28	6	3,7	0,0
2025-01-28	7	3,6	0,0
2025-01-28	8	5,0	0,0
2025-01-28	9	6,3	0,0
2025-01-28	10	7,0	0,0
2025-01-28	11	7,6	0,0
2025-01-28	12	8,6	0,0
2025-01-28	13	9,3	0,0
2025-01-28	14	9,8	0,0
2025-01-28	15	10,0	0,0
2025-01-28	16	9,4	0,0
2025-01-28	17	9,0	0,0
2025-01-28	18	8,3	0,0
2025-01-28	19	7,6	0,0
2025-01-28	20	7,2	0,0
2025-01-28	21	5,6	0,0
2025-01-28	22	4,9	0,0
2025-01-28	23	3,7	0,0
2025-01-29	0	2,6	0,0
2025-01-29	1	1,2	0,0
2025-01-29	2	0,7	0,0
2025-01-29	3	0,7	0,0
2025-01-29	4	1,6	0,0
2025-01-29	5	1,8	0,0
2025-01-29	6	2,3	0,0
2025-01-29	7	3,1	0,0
2025-01-29	8	3,9	0,0
2025-01-29	9	4,7	0,0
2025-01-29	10	5,7	0,0
2025-01-29	11	7,1	0,0
2025-01-29	12	7,7	0,0
2025-01-29	13	8,9	0,0
2025-01-29	14	8,3	0,0
2025-01-29	15	8,5	0,0
2025-01-29	16	9,2	0,0
2025-01-29	17	7,9	0,0
2025-01-29	18	7,2	0,0
2025-01-29	19	6,5	0,0
2025-01-29	20	5,5	0,0
2025-01-29	21	5,4	0,0
2025-01-29	22	4,4	0,0
2025-01-29	23	2,4	0,0
2025-01-30	0	0,9	0,0
2025-01-30	1	0,7	0,0
2025-01-30	2	-0,0	0,0
2025-01-30	3	-0,1	0,0
2025-01-30	4	0,8	0,0
2025-01-30	5	0,5	0,0
2025-01-30	6	1,5	0,0
2025-01-30	7	1,7	0,0
2025-01-30	8	2,7	0,0
2025-01-30	9	4,5	0,0
2025-01-30	10	5,4	0,0
2025-01-30	11	6,5	0,0
2025-01-30	12	6,6	0,0
2025-01-30	13	7,6	0,0
2025-01-30	14	7,9	0,0
2025-01-30	15	8,4	0,0
2025-01-30	16	8,5	0,0
2025-01-30	17	7,1	0,0
2025-01-30	18	6,8	0,0
2025-01-30	19	5,7	0,0
2025-01-30	20	4,6	0,0
2025-01-30	21	4,2	0,0
2025-01-30	22	3,5	0,0
2025-01-30	23	2,1	0,0
2025-01-31	0	2,3	0,0
2025-01-31	1	1,0	0,0
2025-01-31	2	1,7	0,0
2025-01-31	3	0,7	0,0
2025-01-31	4	1,1	0,0
2025-01-31	5	1,4	0,0
2025-01-31	6	2,2	0,0
2025-01-31	7	2,8	0,0
2025-01-31	8	4,3	0,0
2025-01-31	9	5,2	0,0
2025-01-31	10	6,0	0,0
2025-01-31	11	7,2	0,0
2025-01-31	12	7,9	0,0
2025-01-31	13	8,6	0,0
2025-01-31	14	9,3	0,0
2025-01-31	15	9,2	0,0
2025-01-31	16	9,1	0,0
2025-01-31	17	8,5	0,0
2025-01-31	18	7,6	0,0
2025-01-31	19	7,4	0,0
2025-01-31	20	5,9	0,0
2025-01-31	21	5,4	0,0
2025-01-31	22	3,9	0,0
2025-01-31	23	2,8	0,0
